<?xml version="1.0" standalone="no"?>
<!DOCTYPE svg PUBLIC "-//W3C//DTD SVG 20010904//EN"
 "http://www.w3.org/TR/2001/REC-SVG-20010904/DTD/svg10.dtd">
<svg version="1.0" xmlns="http://www.w3.org/2000/svg"
 width="512.000000pt" height="512.000000pt" viewBox="0 0 512.000000 512.000000"
 preserveAspectRatio="xMidYMid meet">

<g transform="translate(0.000000,512.000000) scale(0.100000,-0.100000)"
fill="#000000" stroke="none">
<path d="M1788 4489 c-56 -13 -98 -35 -538 -283 -223 -126 -422 -245 -442
-264 -68 -65 -69 -71 -66 -603 l3 -474 28 -47 c15 -26 49 -65 75 -88 80 -69
891 -579 946 -595 68 -20 198 -19 262 3 44 15 457 268 506 310 15 12 17 53 20
380 4 354 4 369 26 424 36 88 86 131 277 237 94 51 176 98 183 104 8 6 12 45
12 126 0 100 -3 123 -24 166 -12 28 -38 64 -57 80 -60 53 -869 503 -934 520
-64 16 -216 19 -277 4z m237 -104 c42 -11 186 -87 470 -247 226 -127 422 -242
438 -256 18 -18 27 -36 27 -57 0 -21 -9 -39 -27 -56 -53 -48 -854 -551 -900
-565 -58 -18 -167 -18 -224 -1 -50 15 -872 535 -906 573 -31 34 -29 70 5 103
32 31 830 483 882 499 81 25 156 27 235 7z"/>
<path d="M1867 4099 c-36 -8 -415 -216 -449 -247 -25 -21 -22 -64 5 -89 30
-28 384 -253 424 -269 44 -19 117 -17 156 2 53 28 390 244 415 267 33 31 29
71 -10 100 -68 49 -397 227 -439 236 -50 12 -51 12 -102 0z"/>
<path d="M3870 3783 c-70 -11 -175 -63 -519 -258 -207 -117 -400 -225 -430
-241 -64 -34 -113 -89 -129 -143 -8 -27 -12 -180 -12 -508 l0 -469 26 -52 c14
-28 45 -69 69 -90 52 -46 865 -564 930 -593 89 -39 242 -35 330 9 87 43 854
542 887 576 22 23 52 61 66 86 l27 45 3 474 c3 539 2 549 -69 618 -33 33 -651
391 -843 489 -102 53 -230 74 -336 57z m209 -119 c60 -17 852 -461 894 -500
37 -35 36 -72 -5 -111 -18 -17 -215 -146 -438 -288 -448 -286 -478 -300 -596
-292 -38 3 -86 12 -106 20 -47 20 -856 535 -885 564 -14 13 -23 34 -23 53 0
19 9 40 23 53 34 34 846 489 897 503 64 18 177 17 239 -2z"/>
<path d="M3840 3356 c-120 -61 -355 -198 -377 -219 -27 -25 -30 -68 -5 -89 43
-39 419 -269 454 -278 41 -12 98 -5 139 16 57 29 395 248 412 266 23 28 21 60
-5 85 -29 26 -382 225 -427 241 -61 22 -120 15 -191 -22z"/>
<path d="M36 2280 c-47 -57 -45 -131 6 -164 23 -15 1891 -612 2028 -648 66
-17 313 -33 588 -38 26 0 29 15 5 25 -134 53 -2541 855 -2566 855 -27 0 -41
-7 -61 -30z"/>
<path d="M71 1356 c-27 -29 -38 -95 -22 -134 25 -60 -163 -54 2527 -85 2732
-33 2529 -35 2529 33 0 72 194 61 -2460 139 -1314 39 -2426 71 -2471 71 -72 0
-83 -3 -103 -24z"/>
<path d="M3586 990 c16 -16 1143 -370 1178 -370 65 0 89 45 48 90 -23 25 -81
48 -382 150 -198 66 -387 124 -425 130 -93 13 -432 13 -419 0z"/>
</g>
</svg>
