<?xml version="1.0" standalone="no"?>
<!DOCTYPE svg PUBLIC "-//W3C//DTD SVG 20010904//EN"
 "http://www.w3.org/TR/2001/REC-SVG-20010904/DTD/svg10.dtd">
<svg version="1.0" xmlns="http://www.w3.org/2000/svg"
 width="600.000000pt" height="424.000000pt" viewBox="0 0 600.000000 424.000000"
 preserveAspectRatio="xMidYMid meet">

<g transform="translate(0.000000,424.000000) scale(0.100000,-0.100000)"
fill="#000000" stroke="none">
<path d="M3665 3095 l-850 -263 -520 44 c-286 24 -523 44 -527 44 -5 0 -8 -11
-8 -25 0 -17 7 -26 23 -29 12 -3 202 -24 422 -46 220 -23 404 -42 410 -44 5
-1 -30 -15 -78 -30 -84 -26 -87 -28 -87 -56 0 -17 3 -30 8 -30 4 0 83 22 175
49 l169 49 371 -39 c205 -21 569 -59 810 -85 241 -25 445 -43 453 -40 9 4 14
21 14 50 0 43 -1 45 -32 50 -18 3 -332 31 -698 61 -734 61 -712 59 -690 68 8
3 353 101 765 218 413 117 751 213 753 214 5 4 -20 105 -26 104 -4 -1 -389
-120 -857 -264z"/>
<path d="M2400 2341 c0 -226 -2 -411 -4 -411 -2 0 -11 -3 -20 -6 -14 -5 -16
36 -18 397 -3 351 -5 404 -18 404 -13 0 -15 -53 -18 -404 -2 -400 -5 -433 -34
-415 -5 3 -8 180 -8 392 0 213 1 393 0 400 0 17 -27 15 -34 -4 -3 -9 -6 -193
-6 -409 0 -339 -2 -394 -15 -399 -13 -5 -15 46 -17 397 -3 349 -5 402 -18 402
-13 0 -16 -54 -20 -410 -5 -380 -6 -410 -22 -413 -17 -3 -18 21 -18 396 0 219
-3 402 -7 405 -3 4 -12 2 -20 -4 -10 -9 -13 -90 -13 -418 l0 -406 -73 -37
c-39 -21 -85 -49 -102 -63 l-30 -24 29 -1 c17 0 68 20 115 44 421 216 1051
217 1466 2 72 -37 135 -53 135 -35 0 11 -91 66 -170 103 -92 42 -246 90 -365
113 -98 19 -459 25 -587 10 l-68 -8 -2 403 c-3 374 -4 403 -20 406 -17 3 -18
-21 -18 -407z"/>
<path d="M1983 2598 c-49 -15 -63 -24 -63 -39 0 -29 19 -32 85 -11 52 15 60
21 63 45 4 32 0 32 -85 5z"/>
<path d="M2605 1873 c-96 -8 -252 -36 -333 -60 -90 -26 -232 -86 -232 -99 0
-14 100 5 184 35 166 59 285 76 531 76 254 0 350 -14 535 -75 107 -36 180 -48
180 -29 0 9 -119 58 -210 87 -177 57 -446 83 -655 65z"/>
<path d="M2510 1779 c-78 -10 -242 -48 -253 -59 -13 -12 158 -5 248 10 98 17
405 17 495 1 94 -17 250 -25 250 -14 0 12 -109 39 -237 58 -106 16 -392 18
-503 4z"/>
<path d="M1724 1641 c14 -105 83 -266 161 -376 58 -82 174 -190 267 -249 l77
-49 -24 -29 c-51 -61 -81 -58 560 -58 641 0 611 -3 560 58 l-24 29 77 49 c93
59 209 167 267 249 78 110 147 271 161 376 l7 49 -1048 0 -1048 0 7 -49z
m1364 -78 c-3 -17 -36 -18 -491 -21 l-487 -2 0 -53 c0 -73 25 -170 61 -238 28
-52 102 -131 170 -182 23 -17 23 -17 -16 -2 -120 48 -271 172 -343 283 -41 64
-82 168 -82 209 l0 23 596 0 c562 0 595 -1 592 -17z"/>
</g>
</svg>
